% This is the cValue table for t1 stat under adftest 

%% AR

              % Row headers (effective sample sizes) are at the right of the table.
              % ---------------------------------------------------------------------------------------------------------------------------------------------------------------------------------------------------------------------------------------------------------------------------------------------------------------------------------------------------------------------------------------------------------------------------------------------------------------------------   -----
              % Alpha       0.001    0.005    0.010    0.015    0.020    0.025    0.030    0.035    0.040    0.045    0.050    0.055    0.060    0.065    0.070    0.075    0.080    0.085    0.090    0.095    0.100    0.125    0.150    0.175    0.200    0.800    0.825    0.850    0.875    0.900    0.905    0.910    0.915    0.920    0.925    0.930    0.935    0.940    0.945    0.950    0.955    0.960    0.965    0.970    0.975    0.980    0.985    0.990    0.995    0.999      T
              % ---------------------------------------------------------------------------------------------------------------------------------------------------------------------------------------------------------------------------------------------------------------------------------------------------------------------------------------------------------------------------------------------------------------------------------------------------------------------------   -----
             CVTable_AR = [-3.9976  -3.1423  -2.7891  -2.5834  -2.4351  -2.3201  -2.2260  -2.1460  -2.0766  -2.0148  -1.9594  -1.9095  -1.8629  -1.8201  -1.7799  -1.7427  -1.7075  -1.6744  -1.6427  -1.6126  -1.5839  -1.4569  -1.3501  -1.2567  -1.1730   0.4848   0.5897   0.7056   0.8373   0.9913   1.0258   1.0621   1.0996   1.1392   1.1810   1.2254   1.2722   1.3230   1.3775   1.4361   1.5004   1.5720   1.6520   1.7437   1.8514   1.9818   2.1485   2.3836   2.7840   3.7494   % 10
                           -3.7444  -3.0262  -2.7138  -2.5289  -2.3954  -2.2909  -2.2044  -2.1305  -2.0659  -2.0083  -1.9560  -1.9084  -1.8648  -1.8239  -1.7858  -1.7501  -1.7161  -1.6841  -1.6537  -1.6248  -1.5970  -1.4738  -1.3690  -1.2773  -1.1950   0.4548   0.5589   0.6733   0.8024   0.9521   0.9856   1.0203   1.0568   1.0946   1.1352   1.1775   1.2225   1.2703   1.3218   1.3771   1.4378   1.5044   1.5790   1.6643   1.7627   1.8807   2.0310   2.2387   2.5818   3.3667   % 15
                           -3.6182  -2.9694  -2.6777  -2.5029  -2.3760  -2.2757  -2.1928  -2.1217  -2.0590  -2.0034  -1.9524  -1.9061  -1.8635  -1.8237  -1.7866  -1.7517  -1.7187  -1.6872  -1.6578  -1.6292  -1.6020  -1.4806  -1.3773  -1.2862  -1.2043   0.4428   0.5465   0.6604   0.7883   0.9363   0.9691   1.0033   1.0390   1.0768   1.1162   1.1577   1.2017   1.2485   1.2988   1.3529   1.4115   1.4756   1.5478   1.6301   1.7244   1.8376   1.9796   2.1742   2.4956   3.2078   % 20
                           -3.5489  -2.9338  -2.6541  -2.4850  -2.3620  -2.2652  -2.1845  -2.1150  -2.0538  -1.9992  -1.9496  -1.9043  -1.8626  -1.8236  -1.7870  -1.7523  -1.7200  -1.6892  -1.6598  -1.6319  -1.6052  -1.4850  -1.3824  -1.2917  -1.2102   0.4344   0.5376   0.6513   0.7788   0.9264   0.9589   0.9929   1.0284   1.0654   1.1042   1.1451   1.1885   1.2352   1.2846   1.3380   1.3957   1.4600   1.5303   1.6107   1.7031   1.8140   1.9527   2.1397   2.4475   3.1150   % 25
                           -3.5090  -2.9118  -2.6402  -2.4762  -2.3565  -2.2604  -2.1810  -2.1130  -2.0532  -1.9992  -1.9501  -1.9054  -1.8639  -1.8250  -1.7888  -1.7544  -1.7221  -1.6913  -1.6620  -1.6340  -1.6074  -1.4881  -1.3863  -1.2960  -1.2147   0.4294   0.5324   0.6457   0.7725   0.9192   0.9515   0.9853   1.0204   1.0575   1.0962   1.1370   1.1801   1.2262   1.2756   1.3288   1.3863   1.4495   1.5186   1.5973   1.6889   1.7965   1.9325   2.1164   2.4142   3.0575   % 30
                           -3.4538  -2.8850  -2.6232  -2.4629  -2.3456  -2.2530  -2.1756  -2.1085  -2.0488  -1.9957  -1.9476  -1.9034  -1.8624  -1.8244  -1.7889  -1.7552  -1.7233  -1.6932  -1.6645  -1.6368  -1.6106  -1.4925  -1.3910  -1.3014  -1.2202   0.4217   0.5246   0.6375   0.7640   0.9097   0.9422   0.9756   1.0109   1.0475   1.0859   1.1262   1.1690   1.2142   1.2631   1.3153   1.3718   1.4342   1.5024   1.5796   1.6692   1.7762   1.9088   2.0896   2.3777   2.9899   % 40
                           -3.4129  -2.8678  -2.6112  -2.4535  -2.3384  -2.2473  -2.1709  -2.1051  -2.0467  -1.9940  -1.9466  -1.9029  -1.8623  -1.8244  -1.7890  -1.7556  -1.7240  -1.6940  -1.6653  -1.6381  -1.6117  -1.4942  -1.3932  -1.3037  -1.2230   0.4188   0.5217   0.6346   0.7603   0.9061   0.9383   0.9716   1.0066   1.0428   1.0813   1.1214   1.1638   1.2092   1.2573   1.3092   1.3655   1.4270   1.4955   1.5726   1.6606   1.7655   1.8970   2.0726   2.3564   2.9504   % 50
                           -3.3676  -2.8431  -2.5968  -2.4432  -2.3307  -2.2404  -2.1650  -2.1000  -2.0425  -1.9913  -1.9446  -1.9014  -1.8608  -1.8238  -1.7890  -1.7557  -1.7244  -1.6945  -1.6664  -1.6393  -1.6132  -1.4961  -1.3956  -1.3068  -1.2260   0.4143   0.5171   0.6296   0.7555   0.9004   0.9323   0.9656   1.0001   1.0361   1.0743   1.1143   1.1568   1.2020   1.2501   1.3016   1.3576   1.4188   1.4862   1.5618   1.6495   1.7530   1.8808   2.0535   2.3300   2.9151   % 75
                           -3.3462  -2.8336  -2.5892  -2.4383  -2.3265  -2.2375  -2.1634  -2.0988  -2.0421  -1.9910  -1.9444  -1.9012  -1.8611  -1.8239  -1.7892  -1.7565  -1.7254  -1.6959  -1.6676  -1.6405  -1.6143  -1.4978  -1.3975  -1.3088  -1.2284   0.4114   0.5144   0.6268   0.7524   0.8970   0.9289   0.9621   0.9966   1.0326   1.0705   1.1106   1.1528   1.1974   1.2452   1.2962   1.3517   1.4121   1.4793   1.5554   1.6418   1.7454   1.8726   2.0433   2.3199   2.8880   % 100
                           -3.3259  -2.8200  -2.5810  -2.4314  -2.3210  -2.2333  -2.1593  -2.0960  -2.0396  -1.9888  -1.9425  -1.9001  -1.8606  -1.8239  -1.7890  -1.7565  -1.7256  -1.6962  -1.6682  -1.6414  -1.6153  -1.4990  -1.3992  -1.3104  -1.2304   0.4089   0.5113   0.6237   0.7492   0.8933   0.9255   0.9586   0.9930   1.0291   1.0671   1.1067   1.1486   1.1930   1.2407   1.2918   1.3470   1.4075   1.4745   1.5493   1.6354   1.7375   1.8630   2.0324   2.3030   2.8613   % 150
                           -3.3187  -2.8136  -2.5753  -2.4281  -2.3189  -2.2319  -2.1588  -2.0952  -2.0390  -1.9883  -1.9423  -1.9000  -1.8605  -1.8233  -1.7890  -1.7563  -1.7256  -1.6962  -1.6684  -1.6416  -1.6158  -1.4998  -1.3999  -1.3113  -1.2313   0.4073   0.5095   0.6218   0.7477   0.8919   0.9236   0.9569   0.9914   1.0273   1.0649   1.1047   1.1467   1.1910   1.2384   1.2892   1.3441   1.4042   1.4704   1.5455   1.6312   1.7329   1.8586   2.0276   2.2977   2.8536   % 200
                           -3.3051  -2.8137  -2.5759  -2.4289  -2.3199  -2.2322  -2.1583  -2.0949  -2.0382  -1.9875  -1.9417  -1.8995  -1.8607  -1.8242  -1.7897  -1.7573  -1.7265  -1.6970  -1.6690  -1.6422  -1.6165  -1.5005  -1.4009  -1.3125  -1.2326   0.4065   0.5091   0.6214   0.7467   0.8903   0.9224   0.9552   0.9895   1.0253   1.0627   1.1025   1.1443   1.1887   1.2363   1.2870   1.3418   1.4019   1.4681   1.5423   1.6276   1.7291   1.8553   2.0237   2.2924   2.8395   % 300
                           -3.2997  -2.8061  -2.5701  -2.4239  -2.3157  -2.2291  -2.1562  -2.0930  -2.0371  -1.9870  -1.9411  -1.8991  -1.8600  -1.8233  -1.7890  -1.7565  -1.7258  -1.6966  -1.6687  -1.6416  -1.6160  -1.5005  -1.4008  -1.3127  -1.2328   0.4054   0.5082   0.6202   0.7454   0.8897   0.9215   0.9546   0.9889   1.0247   1.0624   1.1019   1.1435   1.1878   1.2347   1.2855   1.3398   1.3999   1.4655   1.5402   1.6257   1.7273   1.8518   2.0192   2.2854   2.8322   % 500
